0,1,466
0,3,679
0,4,584
0,5,219
0,7,385
0,8,491
1,0,466
1,2,314
1,8,488
2,1,314
2,3,404
2,6,199
3,0,679
3,2,404
3,4,245
4,0,584
4,3,245
4,7,353
5,0,219
5,7,600
5,8,525
6,2,199
7,0,385
7,4,353
7,5,600
8,0,491
8,1,488
8,5,525